121668
344533
686703
1586701
1657020
1709748
2137385
2588064
2588098
2994131
3000428
3262590
3671936
4563168
4606492
5240436
5425267
5428465
5988768
4085880
5577806
4085761
2194573
3912045
5702242
748916
2655854
4825692
1169795
2655067
1334299
1902803
3787345
6155091
1470142
5698489
179350
2417010
1369669
2457055
4607049
4499411
5950325
1026741
4826508
2421046
2820527
3782848
1675372
2910494
5501720
6500977
757702
3982301
1748372
3153676
239083
2818877
5197164
1152366
1952653
265198
1164411
4255213
5577359
4638119
1298772
2077967
842662
4674273
5062626
3776501
2385958
3923495
3843656
201155
697944
1263111
6481229
3802388
5058441
6173648
7443
1014916
6504612
6469469
2910490
692805
4572560
143966
1688413
1862354
4858959
6124636
5434075
1224052
1706765
1117456
1587006
1668969
1586981
1039130
6198398
5067822
6198398
3705446
356817
5442386
4337464
6344766
2825284
201827
3425619
5820535
5471289
1849609
3679393
3425714
612718
3545570
5461949
5680860
2867505
5461303
4828057
2592625
2773470
4290130
2007768
4563363
1591507
4731778
2020163
3416438
3018324
5553308
985156
5148064
2598037
5006188
6333102
2350974
3152463
1578162
414127
4662943
5842959
1226909
359677
3856073
3855985
6381337
259559
1906735
3417598
5706774
1154755
4239673
528583
1694262
3563197
5344645
14049
760397
3543038
6229693
745854
3996077
6089167
877785
2042270
4084787
6289442
1176453
2332712
4621542
6465724
1599335
2600952
3962164
6255783
715857
2061060
4203054
6352041
5941485
6003593
5509216
3705288
2177713
5555881
766042
1975278
2339197
3177870
4251575
6405363
2338634
6089747
22520
4374044
188432
1271233
4314300
4239710
346587
752488
2114662
671382
2158555
4104472
5378007
133613
2642928
859796
5735879
1483705
4822871
5329024
3960184
4085574
5228931
5854118
241874
1512952
4397809
6192196
6280212
3812745
2636929
5637632
3648328
4817659
3724410
4059881
373492
2454370
3437556
4826568
3060919
908950
2144796
3419322
755963
1655902
4826899
2426130
4719871
5899414
5264154
5271421
5291101
862260
3821955
6321748
2655772
5786315
15629
691054
142227
6495754
859662
1295617
3707924
4039800
487540
4724477
5161678
5922520
5802998
678919
5409892
148296
460240
2339222
5071699
249163
1361926
3923558
5451854
526074
2387725
5085953
6494941
3263365
1111552
2584721
6505356
3442056
466264
1869497
3280368
5178745
6309722
757557
1858374
3884121
5193491
3959437
5045881
6508949
410800
2050158
4214496
6241329
333371
862403
3141195
6412738
448771
2612994
5081066
6433899
437673
2561531
4797593
6094619
1170131
2751566
5150569
6524593
663994
1228761
4663717
5951748
165543
1723264
3698541
6458923
151391
2929474
4610235
6528169
356170
2235511
4699330
6532149
899155
2438901
5111296
6482497
651802
2543770
3736067
2210227
6534536
4711739
5627868
394192
1189784
3947280
3947295
3947302
3947304
3947310
1941679
4539336
106523
106526
2442487
